標準入力
https://qiita.com/y-tsutsu/items/aa7e8e809d6ac167d6a1
コマンドライン引数
https://qiita.com/cateiru/items/11c997b09b989730e876
高速化
https://techblog.finatext.com/lets-do-competitive-programming-with-python-9c8b834769f6

001 002 003 004 005
001 002 003 004 005 101 006 007 201 107
001 002 003 004 005 006 007 008 009 010 011 012 013 014 015 016 017 018 110 019 020 021 022 023 024 025 026 027 028 029 112 030 113 108 031 032 033 034 134 121 035 036 114 213 037 128 115 038 039 116 040 041 137 042 043 044 045 313 046 047 048 145 049 106 135 144 050 051 234 228 052 053 118 136 054 123 107 216 206 055 056 207 057 147 126 130 139 058 218 059 124 223 153 060 061 148 062 157 208 101
001 002 102 202 003 004 005 006 103 007 105 203 303 205 104 101 204 302 107 106 008 201 305 108 208 304 009 403 301 401 503 207 404 308 206 603 504 703 306 109 501 601 604 209 309 405 408 803 505 704 605 804 307 903 402 904 508 010 011 705 805 502 701 110 406 210 310 410 111 510 905 610 801 012 506 606 602 706 710 211 608 806 708 901 808 810 407 112 702 013 113 507 311 409 212 802 509 213 906 312